P: (2.3 5.5 -155.0)
U: (2.3 5.5 -155.0)
P: (2.3 5.5 -155.0)
U: (1.9 4.3 -105.0)
P: (1.9 4.3 -105.0)
U: (1.9 4.1 -115.0)
P: (1.9 4.1 -115.0)
U: (1.7 3.9 -115.0)
P: (1.7 3.9 -115.0)
U: (1.7 3.9 -115.0)
P: (1.7 3.9 -115.0)
U: (1.7 3.9 -115.0)
P: (1.7 3.9 -115.0)
U: (1.7 3.9 -115.0)
P: (1.7 3.9 -115.0)
U: (1.7 3.9 -115.0)
P: (1.7 3.9 -115.0)
U: (1.7 3.9 -115.0)
P: (1.7 3.9 -115.0)
U: (1.5 3.3 -105.0)
P: (1.5 3.3 -105.0)
U: (1.5 3.3 -105.0)
P: (1.5 3.3 -105.0)
U: (1.5 3.1 -105.0)
P: (1.5 3.1 -105.0)
U: (1.5 2.7 -75.0)
P: (1.5 2.7 -75.0)
U: (1.7 2.9 -135.0)
P: (1.7 2.9 -135.0)
U: (1.7 2.9 -135.0)
P: (1.7 2.9 -135.0)
U: (1.9 3.1 -135.0)
P: (1.9 3.1 -135.0)
U: (1.9 3.1 -125.0)
P: (1.9 3.1 -125.0)
U: (1.7 2.9 -105.0)
P: (1.7 2.9 -105.0)
U: (1.7 2.7 -105.0)
P: (1.7 2.7 -105.0)
U: (1.7 2.3 -85.0)
P: (1.7 2.3 -85.0)
U: (2.1 1.7 -35.0)
P: (2.1 1.7 -35.0)
U: (2.1 1.7 -35.0)
P: (2.1 1.7 -35.0)
U: (2.3 1.5 -25.0)
P: (2.3 1.5 -25.0)
U: (2.7 1.3 -15.0)
P: (2.7 1.3 -15.0)
U: (2.9 1.3 -5.0)
P: (2.9 1.3 -5.0)
U: (3.3 1.3 -5.0)
P: (3.3 1.3 -5.0)
U: (3.5 1.3 -5.0)
P: (3.5 1.3 -5.0)
U: (3.7 1.7 75.0)
P: (3.7 1.7 75.0)
U: (3.9 1.9 75.0)
P: (3.9 1.9 75.0)
U: (3.9 1.9 75.0)
P: (3.9 1.9 75.0)
U: (3.9 2.3 85.0)
P: (3.9 2.3 85.0)
U: (3.7 2.5 155.0)
P: (3.7 2.5 155.0)
U: (3.5 2.7 155.0)
P: (3.5 2.7 155.0)
U: (3.5 2.7 165.0)
P: (3.5 2.7 165.0)
U: (3.7 3.9 85.0)
P: (3.7 3.9 85.0)
U: (3.7 4.1 85.0)
P: (3.7 4.1 85.0)
U: (3.7 4.3 85.0)
P: (3.7 4.3 85.0)
U: (3.7 4.5 85.0)
P: (3.7 4.5 85.0)
U: (3.7 4.5 85.0)
P: (3.7 4.5 85.0)
U: (3.7 4.5 85.0)
P: (3.7 4.5 85.0)
U: (3.5 4.9 135.0)
P: (3.5 4.9 135.0)
U: (3.5 4.9 145.0)
P: (3.5 4.9 145.0)
U: (3.3 5.1 155.0)
P: (3.3 5.1 155.0)
U: (3.1 5.1 155.0)
P: (3.1 5.1 155.0)
U: (2.7 5.3 165.0)
P: (2.7 5.3 165.0)
U: (2.1 4.9 -105.0)
P: (2.1 4.9 -105.0)
U: (2.1 4.9 -95.0)
P: (2.1 4.9 -95.0)
U: (2.1 4.7 -95.0)
P: (2.1 4.7 -95.0)
U: (2.1 4.7 -95.0)
P: (2.1 4.7 -95.0)
U: (1.9 4.1 -105.0)
P: (1.9 4.1 -105.0)
U: (1.9 3.9 -105.0)
P: (1.9 3.9 -105.0)
U: (1.7 3.1 -85.0)
P: (1.7 3.1 -85.0)
U: (1.7 2.9 -85.0)
P: (1.7 2.9 -85.0)
U: (1.7 2.9 -85.0)
P: (1.7 2.9 -85.0)
U: (1.7 2.9 -75.0)
P: (1.7 2.9 -75.0)
U: (1.7 2.1 -85.0)
P: (1.7 2.1 -85.0)
U: (1.7 2.1 -85.0)
P: (1.7 2.1 -85.0)
U: (1.7 1.9 -95.0)
P: (1.7 1.9 -95.0)
U: (1.9 1.5 -35.0)
P: (1.9 1.5 -35.0)
U: (2.1 1.3 -25.0)
P: (2.1 1.3 -25.0)
U: (2.1 1.3 -25.0)
P: (2.1 1.3 -25.0)
U: (2.7 1.1 -15.0)
P: (2.7 1.1 -15.0)
U: (2.7 1.1 -15.0)
P: (2.7 1.1 -15.0)
U: (3.1 1.1 -5.0)
P: (3.1 1.1 -5.0)
U: (3.3 1.1 -5.0)
P: (3.3 1.1 -5.0)
U: (3.9 1.5 85.0)
P: (3.9 1.5 85.0)
U: (3.9 1.5 85.0)
P: (3.9 1.5 85.0)
U: (3.9 1.7 85.0)
P: (3.9 1.7 85.0)
U: (3.9 1.7 85.0)
P: (3.9 1.7 85.0)
U: (3.9 2.3 85.0)
P: (3.9 2.3 85.0)
U: (4.1 2.5 105.0)
P: (4.1 2.5 105.0)
U: (4.1 2.5 105.0)
P: (4.1 2.5 105.0)
U: (4.1 2.5 105.0)
P: (4.1 2.5 105.0)
U: (4.1 3.3 105.0)
P: (4.1 3.3 105.0)
U: (4.1 3.5 105.0)
P: (4.1 3.5 105.0)
U: (4.1 3.5 115.0)
P: (4.1 3.5 115.0)
U: (3.9 4.1 105.0)
P: (3.9 4.1 105.0)
U: (3.9 4.3 95.0)
P: (3.9 4.3 95.0)
U: (3.9 4.3 95.0)
P: (3.9 4.3 95.0)
U: (3.7 5.1 165.0)
P: (3.7 5.1 165.0)
U: (3.9 5.1 15.0)
P: (3.9 5.1 15.0)
U: (3.9 5.1 25.0)
P: (3.9 5.1 25.0)
U: (3.3 4.9 -165.0)
P: (3.3 4.9 -165.0)
U: (3.3 4.9 -165.0)
P: (3.3 4.9 -165.0)
U: (3.3 4.9 -165.0)
P: (3.3 4.9 -165.0)
U: (3.3 4.9 -165.0)
P: (3.3 4.9 -165.0)
U: (3.3 4.9 -165.0)
P: (3.3 4.9 -165.0)
U: (3.3 4.9 -165.0)
P: (3.3 4.9 -165.0)
U: (3.1 4.9 -165.0)
